(34.0000, 29.0000)
(34.0005, 29.0005)
(34.0010, 29.0010)
(34.0015, 29.0015)
(34.0020, 29.0020)
(34.0025, 29.0025)
(34.0030, 29.0030)
(34.0035, 29.0035)
(34.0040, 29.0040)
(34.0045, 29.0045)
(34.0050, 29.0050)
(34.0055, 29.0055)
(34.0060, 29.0060)
(34.0065, 29.0065)
(34.0070, 29.0070)
(34.0070, 29.0075)
(34.0070, 29.0080)
(34.0070, 29.0085)
(34.0070, 29.0090)
(34.0070, 29.0095)
(34.0070, 29.0100)
(34.0070, 29.0105)
(34.0070, 29.0110)
(34.0070, 29.0115)
(34.0070, 29.0120)
(34.0070, 29.0125)
(34.0070, 29.0130)
(34.0072, 29.0130)
(34.0070, 29.0132)
(34.0073, 29.0134)
(34.0071, 29.0136)
(34.0074, 29.0138)
(34.0072, 29.0140)
(34.0075, 29.0142)
(34.0073, 29.0144)
(34.0076, 29.0146)
(34.0074, 29.0148)
(34.0077, 29.0150)
(34.0075, 29.0152)